1628
4 5357 5121 8148 6404
4 421 2589 5913 6255
4 5583 9906 8785 3629
4 6584 7710 1737 3987
4 7529 5231 4386 2094
4 9487 5796 6735 8197
4 1756 8754 2584 998
4 2395 6655 6312 2861
4 59 7923 7569 7704
4 5515 9612 7444 6632
4 8873 7262 8452 7796
4 2489 5905 398 8407
4 1729 820 6459 604
4 9004 1248 7549 7064
4 4848 8603 5886 8733
4 8189 9529 9354 8437
4 9213 6839 4449 1524
4 4318 5744 4574 9483
4 4100 6823 4233 3904
4 8479 7108 3626 5416
4 9620 1287 6476 2545
4 9383 4004 3697 1396
4 9131 5427 4041 2061
4 973 370 3015 847
4 9247 4863 4644 2155
4 7792 6668 4631 3135
4 2222 1492 9618 7168
4 5363 2752 5570 2843
4 2687 44 453 8284
4 2117 7100 1561 8775
4 3505 461 9765 4036
4 3295 1423 8287 2932
4 8854 8004 6640 1385
4 3273 8591 5616 3715
4 2345 5918 2096 9813
4 6639 3420 674 7936
4 5090 1556 5251 4695
4 2935 2331 666 6762
4 3825 2598 9959 1677
4 6756 4147 1114 1081
4 5001 5592 8689 8384
4 8119 9818 7525 6196
4 1388 5989 864 6613
4 4106 948 683 9888
4 5526 3942 8911 8320
4 9128 5211 5083 4473
4 4194 3149 8585 7369
4 5052 8777 7515 2819
4 2459 936 7819 4670
4 2968 132 7577 3484
4 2246 962 8814 8240
4 7863 876 7939 2723
4 7368 8837 752 9256
4 8991 3457 8392 110
4 7950 7290 7208 3176
4 7101 2728 2196 371
4 8636 684 9267 8641
4 4808 2212 281 5791
4 6240 2499 63 9614
4 5602 7259 4090 3656
4 2475 714 9019 2064
4 1101 9894 5651 4916
4 7834 3678 1013 1491
4 839 7945 5048 3765
4 3024 2548 6170 7198
4 4961 4405 9965 5945
4 1115 1071 1004 7937
4 4685 3302 2124 1233
4 4579 8152 3795 3272
4 9986 5042 9295 7104
4 6677 3647 2141 384
4 7927 2070 2008 1734
4 7135 6782 5101 4702
4 6495 5773 854 8058
4 4430 2115 1707 1214
4 1164 336 7540 7201
4 5046 4957 2080 8639
4 7409 5214 4917 4788
4 2922 2558 443 8063
4 7896 1341 7825 5653
4 3499 7961 7202 6702
4 976 49 9307 6381
4 4964 4886 1830 1146
4 9568 7313 6176 4509
4 3463 818 4983 82
4 8612 6107 5295 3792
4 7757 7595 5772 3047
4 5982 4874 4135 3940
4 3607 3096 2727 5713
4 2274 2228 9305 8338
4 6252 3896 2964 3566
4 3228 1353 636 8608
4 8485 7136 4322 3309
4 1210 7305 5310 887
4 7543 6168 4240 3293
4 1851 9433 8322 7516
4 6550 4925 4406 71
4 1988 9129 8745 6935
4 1203 9866 7551 4940
4 1671 5625 1955 9795
4 7145 9527 4185 1812
4 7 8116 5383 4141
4 3437 7579 5219 4131
4 47 8465 7326 3114
4 2456 1450 1322 594
4 9552 8851 4167 7359
4 4637 4235 2259 3142
4 3042 9 7231 1713
4 1094 766 5652 5006
4 4655 1742 9690 9539
4 7583 3686 1934 2686
4 532 5873 9525 7715
4 5494 4561 4074 2962
4 9263 8803 4657 3844
4 8553 3072 2481 727
4 7083 4847 1895 1050
4 723 6957 6129 4475
4 4112 9917 9532 9235
4 8387 8250 7447 4102
4 3357 2759 7088 4374
4 2982 62 8736 7196
4 2736 2293 8332 3519
4 1946 3196 954 8375
4 7648 7308 7032 213
4 9946 9196 8010 4320
4 859 9063 6547 5163
4 2045 1591 6882 5777
4 4076 2726 1724 1418
4 8767 8193 7725 6611
4 5904 4619 3337 2342
4 2060 9106 6178 3689
4 2652 1568 850 4402
4 2340 992 9119 5172
4 8644 3155 2544 9966
4 4995 4912 4638 4490
4 1433 9747 6558 3672
4 3170 2642 1621 3775
4 3648 2749 2085 586
4 9576 9344 8626 5729
4 3757 201 120 8601
4 7851 7494 7451 6913
4 6534 6038 5686 3781
4 3542 7643 4139 3257
4 2828 8478 6571 8397
4 8138 7148 6567 5931
4 4550 774 7814 7545
4 7464 5156 3889 2628
4 9542 8186 3593 2323
4 1763 403 9302 6134
4 4244 4150 2870 2862
4 676 328 7862 6537
4 4058 3475 3376 3112
4 2795 9713 9275 9151
4 8997 2308 2300 18
4 9559 8865 8187 7079
4 6927 6467 4959 58
4 5081 4390 2814 2213
4 2036 1383 9900 8267
4 8242 8233 7316 5366
4 4044 8115 3869 3840
4 3708 3451 8259 4480
4 9528 8506 7703 7445
4 7166 6171 6147 5609
4 1711 8849 8616 7673
4 5845 3842 2123 778
4 446 9873 9320 9243
4 8079 2305 1160 2267
4 2160 1936 1839 1049
4 11 8094 5540 3583
4 3526 8430 8101 5096
4 4837 3126 2313 2243
4 1136 654 245 9605
4 8167 6359 6123 6050
4 2023 1552 333 9514
4 7944 7267 5359 3913
4 1509 5324 5136 4284
4 3950 2985 9921 8509
4 7726 9374 8286 8036
4 7953 7385 5854 4551
4 2944 687 7008 6777
4 6580 6300 4902 2920
4 2282 373 9784 8367
4 7522 6842 5209 4498
4 3745 3106 2535 1767
4 706 9289 7466 6481
4 3899 3632 3618 1845
4 1231 9340 7922 3253
4 2817 2674 1427 65
4 9856 8348 6060 5665
4 2203 9722 9283 8701
4 7026 6989 6985 5600
4 4690 2718 177 9942
4 9732 7700 463 8026
4 7756 5622 3002 2994
4 593 9111 8563 8346
4 7920 5919 4965 4151
4 3083 1359 9691 8721
4 8697 8047 7050 6638
4 6582 4516 2941 2572
4 1996 1096 780 9649
4 8834 7212 6313 3229
4 1817 1357 9252 8253
4 6329 2619 9778 2364
4 1085 745 9366 7209
4 5962 4951 4137 3485
4 2571 1372 1336 522
4 9779 9443 8839 6363
4 6316 4582 3356 2802
4 2009 717 103 9751
4 8477 6602 6477 4352
4 4351 2112 1861 709
4 565 251 6426 3368
4 2647 67 8811 5909
4 5891 2351 9365 9154
4 9123 8199 7119 6994
4 3443 2905 9124 7629
4 5793 4259 3089 1340
4 645 257 6 8751
4 8614 7981 7671 5492
4 2536 1976 214 171
4 9585 9325 7330 6415
4 4884 3379 2095 1787
4 1510 1202 332 9806
4 9629 9546 8947 7911
4 7489 4477 4357 4293
4 4134 3496 2162 1701
4 1344 5593 5239 3308
4 3214 3062 60 9968
4 9363 8923 8501 8200
4 8163 6666 5544 4867
4 4557 2957 1820 1001
4 188 9974 9930 9511
4 8835 8529 6914 5330
4 5149 1717 877 750
4 8779 8003 7934 6956
4 5733 5518 5244 5236
4 4222 1975 1740 7391
4 7057 6342 6297 5991
4 5332 4711 1505 9545
4 8658 8651 7613 4977
4 4727 2776 1800 1564
4 1351 321 9166 7677
4 3730 2575 1883 1364
4 924 296 8431 8040
4 7439 7415 6188 4696
4 4331 3750 9962 7344
4 7153 5970 5758 5529
4 4572 3120 2245 1965
4 1249 9426 9419 8990
4 8915 7647 7210 1747
4 1522 791 9550 8449
4 8168 7699 5808 5131
4 5028 4717 4415 4161
4 3579 2509 8579 8056
4 7972 6738 5835 5683
4 5488 3473 1743 9397
4 9341 9271 8418 7824
4 6616 6042 5728 5074
4 3655 2573 2265 2043
4 1714 1061 767 96
4 9569 8866 7250 6627
4 6419 6273 3087 1673
4 902 301 55 8607
4 8548 8470 6144 5720
4 3845 3830 2952 1523
4 1200 631 264 9853
4 9626 9566 8625 7524
4 6742 4870 3834 3223
4 1889 1636 1178 797
4 773 385 197 9797
4 9572 8702 8487 6410
4 6309 6226 5553 5155
4 3306 3167 2809 2089
4 1508 9048 8659 8132
4 6377 6336 4960 4367
4 3978 3137 2055 407
4 9250 8183 7748 7567
4 7436 7155 6192 5864
4 5375 4600 3905 1810
4 1476 5610 4649 3673
4 3557 2612 1948 730
4 9718 8671 6384 4524
4 4079 3870 3791 3271
4 2486 1998 1228 278
4 9952 9689 6769 6058
4 4861 4200 4043 875
4 9843 9746 9265 8940
4 8707 6747 6198 6028
4 5308 3001 2353 283
4 9871 7253 5476 3944
4 3857 1912 1429 3
4 9078 8172 7302 6662
4 6010 5170 2912 1483
4 85 9507 8677 8297
4 8204 7443 7412 3997
4 3367 2000 1140 432
4 9755 8453 7880 7118
4 6578 4706 4532 4527
4 4179 3278 1853 1587
4 1040 915 884 836
4 263 8683 8442 7103
4 7095 6981 6483 6146
4 6012 5207 5203 4607
4 4469 3028 2927 1720
4 9695 8670 7978 7696
4 6320 6110 5849 5803
4 3885 3728 3022 995
4 513 8964 7618 7617
4 7319 6757 3508 2585
4 1821 1378 1224 634
4 464 8929 8722 7603
4 7296 6370 4883 4617
4 4565 4474 3518 2877
4 1253 1037 9908 8932
4 8750 7861 6498 6444
4 5197 5174 4307 3877
4 3736 3561 3037 1708
4 1681 1073 9464 9359
4 8895 8692 7759 5785
4 4871 4786 3375 3362
4 3248 2939 1923 1684
4 1542 1526 1117 9599
4 8524 7536 5902 4439
4 4038 2937 2627 1484
4 1154 1152 1116 559
4 137 8328 7870 4361
4 3892 2488 1571 520
4 9880 8956 8874 6367
4 6296 5462 5278 4521
4 4292 3511 9197 8637
4 8466 7823 7678 5823
4 4975 3853 2798 2592
4 9849 9769 7178 7041
4 6656 6231 5839 5547
4 5341 3544 3107 3055
4 1833 1261 916 9961
4 9907 9425 8527 7463
4 6965 6605 6577 6220
4 5941 5705 4946 4668
4 2600 2566 1712 1361
4 970 174 172 56
4 17 9984 7255 6938
4 5998 5441 5378 2185
4 1726 7238 7215 7130
4 6389 5548 5503 2368
4 846 760 529 9350
4 9014 8516 7363 6715
4 5250 4604 3769 3050
4 145 10 9092 8931
4 8363 7740 6856 5563
4 5446 5151 4731 4663
4 3969 3746 3516 2106
4 1765 1570 1430 1234
4 844 738 688 451
4 297 9168 8714 6752
4 6583 5649 5271 3134
4 2716 1601 1122 923
4 525 208 9895 9741
4 9597 7778 7624 7218
4 6540 6526 6364 6266
4 6205 5579 5325 5118
4 2766 2165 1827 1487
4 1197 912 556 9161
4 9121 8239 7149 6133
4 4093 3540 3104 2407
4 1963 926 164 139
4 9450 9214 9182 8833
4 8673 8081 7558 7518
4 6396 4990 4491 3258
4 2649 2295 2221 2007
4 117 8161 8059 5948
4 5017 5013 5007 4230
4 2484 1648 1589 9594
4 9390 9246 8824 8650
4 8044 7839 7499 6451
4 6052 5899 5627 5574
4 4627 3674 2804 211
4 8293 8198 7692 7346
4 7152 6149 5875 5056
4 4126 3691 2879 2309
4 628 480 9135 8617
4 7983 7204 6680 2848
4 2555 2127 1010 642
4 87 9719 9490 8247
4 7318 6721 6623 6102
4 3932 3276 3029 2836
4 2590 1825 1015 9588
4 8653 8609 8305 7752
4 7278 7151 6645 6215
4 6157 5879 3828 3608
4 2811 2125 656 9776
4 9580 9471 9414 8606
4 7954 6731 6036 4555
4 3973 2872 1876 1866
4 1847 1735 900 597
4 289 178 9286 6256
4 6193 5513 5487 4859
4 4650 3692 3677 3480
4 3239 2516 1943 1620
4 206 28 9852 8652
4 7375 5824 4671 2538
4 1856 1464 1159 931
4 9499 9382 8578 8134
4 6703 6685 6350 5815
4 4170 2226 1393 1311
4 1056 590 9276 6531
4 4573 4522 3891 3808
4 3527 2697 1819 1632
4 8434 8258 7888 7764
4 6152 6111 5981 5559
4 5061 5058 4792 4496
4 3132 3092 2999 1205
4 1129 834 8537 8468
4 6984 6741 6443 6206
4 4054 2732 1994 1877
4 1260 307 151 124
4 9637 9407 9238 8684
4 8342 7875 7475 7105
4 6053 5094 4933 3895
4 1874 1718 53 9799
4 9241 8967 7734 7542
4 6228 4997 4725 3573
4 2705 2190 1888 1642
4 1562 589 290 236
4 142 9748 9675 9165
4 7777 7512 7413 6306
4 4857 4814 4611 4055
4 3980 2428 2091 9730
4 9714 9326 7884 7610
4 5418 5371 4865 4661
4 4442 1884 1704 9864
4 9761 9602 9530 8907
4 8035 8032 7993 7361
4 7219 6932 6676 6651
4 6628 5710 4774 4692
4 4636 4592 4091 3297
4 2490 253 9376 7659
4 7406 7286 6849 6155
4 5644 4989 4875 4703
4 2765 2241 2020 1445
4 540 6557 5794 5517
4 5235 5044 4716 4381
4 4363 4066 3924 3912
4 3558 2854 1837 1282
4 735 648 362 9976
4 9896 9523 8176 8123
4 7841 7662 7526 7090
4 6827 6326 5035 4926
4 4506 4187 3945 3839
4 3802 3654 2887 2565
4 2254 1440 9016 8423
4 7594 7074 7003 6733
4 6365 5671 5020 4904
4 4771 4656 3553 3531
4 2461 2400 1595 1023
4 898 9922 9650 8241
4 7733 7382 6976 6794
4 6380 6366 5916 4410
4 4089 4064 3567 3498
4 2806 1598 534 8333
4 7037 6673 6289 5530
4 5474 5389 4773 4559
4 3422 2457 2081 2006
4 1467 1406 1339 358
4 9453 9368 9220 8597
4 7683 7432 7374 7356
4 6436 5355 5205 4412
4 2320 1723 1533 1332
4 9988 9848 9456 8861
4 8432 7914 6988 6800
4 6076 5898 5336 4879
4 3906 3760 2783 2375
4 1471 960 404 210
4 147 8019 6857 6361
4 4495 2907 1584 1422
4 689 622 489 33
4 9879 9468 8938 8889
4 8715 8376 7821 6778
4 6514 6490 5489 5457
4 5178 4720 4478 4375
4 3718 3323 1609 909
4 146 9043 8648 8153
4 7943 7818 7785 7768
4 7534 7426 7419 6528
4 5633 5551 5086 4766
4 4639 4011 3704 3145
4 2462 2389 2381 9726
4 9684 9561 9361 9192
4 8898 8894 8150 8043
4 7530 7310 7249 7230
4 6784 5869 5856 4452
4 3617 3582 3244 2874
4 2401 2398 1021 737
4 9703 9072 8845 8823
4 7592 7175 6340 6016
4 3914 3882 3595 2260
4 1529 396 9631 8954
4 8299 7917 6870 6585
4 6208 5901 5776 5467
4 4953 4057 4026 3983
4 3559 3352 3299 3153
4 2129 1930 1922 1512
4 150 9971 9222 9143
4 9122 8679 8425 8325
4 7990 7013 6202 5920
4 5865 5461 5380 5255
4 5085 3966 3371 1952
4 835 635 198 39
4 9429 8746 8712 7770
4 7454 7116 6834 6466
4 5832 5522 4907 4823
4 4467 4202 3985 3749
4 2191 1886 1090 9802
4 9667 9549 9221 9062
4 8682 8238 7966 7956
4 7596 7010 6649 5724
4 5556 5531 3339 3188
4 3075 947 804 512
4 359 32 9828 9734
4 9606 9183 9091 7689
4 7480 6724 5615 4704
4 4124 3564 3136 3129
4 2134 1822 1507 711
4 9868 8519 7809 7221
4 7220 6700 6421 6184
4 5908 5896 4887 4640
4 4016 3811 3428 3011
4 2924 2277 1761 1347
4 678 149 45 9173
4 8276 7970 7876 7731
4 7186 6873 6705 6574
4 6243 5756 4208 3322
4 2707 2343 2167 2148
4 1256 1100 300 170
4 9096 8632 8263 8196
4 7964 6811 6446 6264
4 6160 5584 5566 5451
4 5047 4514 4465 3991
4 3694 3641 2024 1382
4 849 313 0 9573
4 9459 8562 8264 6637
4 6248 6203 5939 5164
4 3724 3121 3020 2467
4 2278 2198 611 471
4 9978 9752 8908 8752
4 8517 8027 7984 6903
4 6681 6659 6553 5954
4 5277 5166 4949 4708
4 4335 2672 2495 1908
4 1047 9996 9987 9891
4 9583 9299 8133 7975
4 7424 7386 6942 6726
4 6596 6522 6015 5657
4 4659 2983 1199 1174
4 1157 1044 9328 9210
4 9068 8801 8711 7425
4 6648 5947 5860 5240
4 5040 4992 4340 4215
4 3818 3681 2875 2367
4 1569 1181 1179 9633
4 9038 7727 7384 6112
4 6017 5721 5449 5362
4 4511 3412 3226 3203
4 3127 2337 1593 1411
4 1106 708 541 433
4 9836 8222 8143 7521
4 7509 6719 6022 5836
4 5763 5173 4790 3517
4 2062 562 9721 8210
4 8160 7500 6478 6246
4 5813 5536 4456 4419
4 4286 3894 3563 3031
4 2702 2506 1840 1668
4 1616 1381 825 514
4 9486 8864 8863 8828
4 8696 8667 8413 8202
4 7555 6351 5496 5157
4 4206 4052 2601 2296
4 2025 355 204 8810
4 8336 8139 7877 6713
4 6492 5730 4958 4359
4 3105 2120 1768 1751
4 1400 968 889 608
4 9995 9935 9920 8977
4 8876 8031 8006 7751
3 6864 6280 6275
3 6051 5872 5198
3 4742 4188 4092
3 3596 3330 2954
3 2437 2329 2159
3 1535 1409 1012
3 465 70 9418
3 9269 9198 8919
3 7633 6960 6263
3 5368 4943 4858
3 4801 4228 3972
3 3809 3657 3235
3 3004 2578 2033
3 1843 1321 955
3 919 530 240
3 234 9768 9716
3 9600 9519 9187
3 9028 8454 8215
3 8089 7924 7729
3 7614 7397 6576
3 5751 5606 5082
3 4000 3926 3311
3 2746 1640 1062
3 456 431 430
3 270 131 9767
3 9699 9446 9332
3 9201 8137 7995
3 6964 6698 6097
3 6008 5208 4046
3 3939 2949 2786
3 2762 2661 2604
3 2193 1939 1750
3 1330 978 620
3 500 372 97
3 9656 9584 9538
3 9431 9086 8447
3 8401 7663 7170
3 6890 6761 6161
3 6003 5986 5191
3 4796 4534 4301
3 3956 2977 2632
3 2072 1980 1744
3 1259 1036 673
3 439 136 9944
3 9398 8822 8180
3 7991 7457 7407
3 6844 6835 6824
3 6565 5482 5245
3 4942 4798 4221
3 3590 3212 2772
3 2713 2694 2514
3 2102 1796 1519
3 1475 885 9413
3 8568 8435 8383
3 8326 8252 6352
3 6137 4104 3370
3 3280 2595 2399
3 2074 1961 1649
3 1318 956 183
3 24 9855 9083
3 9075 8859 8037
3 7895 7881 7800
3 7674 6887 6809
3 6463 6450 6197
3 6121 5752 5732
3 5666 4777 4635
3 4502 4387 4238
3 3793 3344 3060
3 2207 1694 1279
3 86 37 9036
3 7586 7554 7471
3 7461 6302 5994
3 4839 4783 3822
3 2953 2891 2881
3 2297 1983 1546
3 457 9009 8900
3 8815 8314 7812
3 7724 7410 7362
3 7357 7320 6972
3 6963 6959 5897
3 5168 4595 4400
3 4358 4248 3543
3 3364 1755 1538
3 756 602 487
3 458 9137 9094
3 9047 9035 8930
3 8766 8353 8093
3 7387 7206 7094
3 6915 6471 6311
3 5024 4596 4434
3 4399 4116 3951
3 3141 3052 2903
3 2608 2596 2210
3 2149 2144 335
3 9838 9578 9564
3 9215 9114 8486
3 6506 6353 6332
3 4504 4339 3875
3 3347 3021 2956
3 2785 2741 2610
3 2028 1536 1371
3 801 462 392
3 221 9659 7889
3 7850 7602 7078
3 6925 6818 6448
3 6127 5628 5066
3 4994 4069 3789
3 3651 2892 2859
3 2837 1688 1678
3 1161 40 9820
3 9709 8663 6232
3 6175 6148 5233
3 5181 4982 4877
3 4736 3887 2469
3 2412 2059 1453
3 802 725 168
3 31 9993 9651
3 9394 8737 8543
3 8438 8028 7959
3 7859 7694 7632
3 7557 6944 6328
3 6229 5125 5106
3 4688 4291 4097
3 2685 2683 2307
3 1778 1426 1009
3 842 840 739
3 502 9678 9595
3 9540 9223 9015
3 8576 8426 8022
3 7960 6725 6699
3 5817 5128 4549
3 4488 3841 3318
3 3012 2169 2101
3 1959 1220 644
3 639 615 511
3 402 393 343
3 325 152 78
3 9489 8804 7742
3 7395 6473 5959
3 5719 5631 5558
3 4787 4689 4567
3 2950 1869 1043
3 613 229 9227
3 8950 8643 8256
3 7971 7803 7423
3 6034 5882 5676
3 5422 5190 4099
3 4031 2388 848
3 793 68 34
3 9957 8903 8097
3 7994 7697 7631
3 7532 7314 6952
3 6746 6315 4880
3 4855 4826 3903
3 3743 3679 3555
3 3123 2472 2242
3 1979 1807 1377
3 1165 1080 953
3 726 9892 9887
3 7581 7430 7132
3 6452 6225 6005
3 5881 5850 5731
3 5443 4969 4723
3 3698 3515 1892
3 1270 1167 640
3 579 467 413
3 305 252 20
3 13 9475 9274
3 8629 8571 8398
3 7666 7176 6922
3 6357 5951 5212
3 4811 4298 4047
3 3509 3396 2669
3 2304 2215 2164
3 2137 2002 1590
3 1502 860 477
3 153 76 9280
3 7826 7496 6674
3 6563 6479 6291
3 6189 6095 6046
3 5950 5863 4750
3 4451 4267 4173
3 4078 3665 3621
3 2929 740 346
3 57 9524 9337
3 8212 7951 7906
3 7713 7036 5829
3 5161 5146 4922
3 4679 4554 4279
3 4246 4245 4155
3 3581 3246 3233
3 2898 2629 2527
3 2432 2358 2232
3 2019 1953 1586
3 1549 1369 649
3 414 395 293
3 193 9830 9065
3 8986 8821 8456
3 8206 7804 7565
3 7252 7024 6740
3 6544 6210 6104
3 5346 5026 4662
3 4249 3902 3761
3 3449 3146 2799
3 1416 1276 949
3 937 83 9526
3 9313 9234 9157
3 7194 6244 5895
3 4747 4314 4311
3 4030 3838 3504
3 3482 3261 3161
3 2824 2751 2634
3 2533 2531 1650
3 1504 1286 1194
3 1084 868 568
3 554 9543 9294
3 9105 8675 8498
3 8229 7813 7743
3 7653 7236 7197
3 6630 6270 5714
3 5387 5200 4856
3 4653 4537 3806
3 3773 3748 3431
3 3263 2668 2529
3 1793 1516 444
3 23 16 9810
3 9692 9635 9496
3 9488 9458 9333
3 8965 8440 8277
3 7963 7490 7018
3 6664 6294 6258
3 5672 5401 4767
3 4501 4398 4328
3 4176 3930 3911
3 3332 3174 2303
3 2047 1532 1527
3 1514 1250 1118
3 1032 1031 982
3 9958 9680 9551
3 8952 8642 8355
3 8201 7559 7150
3 6920 6828 6612
3 6245 5237 4914
3 4892 4841 4623
3 4578 4001 3316
3 2442 1986 1891
3 1452 1296 1201
3 675 9711 9260
3 9251 9085 8729
3 8727 8654 8289
3 8179 6962 6852
3 6822 6744 6693
3 6569 6510 6494
3 6430 5980 5834
3 5373 5199 5175
3 5059 4935 4713
3 3880 3824 3513
3 3125 2712 2671
3 2422 2264 2143
3 1618 1606 1027
3 499 9858 9149
3 9022 9002 8918
3 8177 8067 7761
3 7622 6093 5769
3 5641 5043 4898
3 4775 4605 4447
3 4164 4144 3747
3 3407 3099 858
3 459 365 225
3 9655 9272 8981
3 8897 8808 8593
3 8235 7957 7828
3 7418 7237 6604
3 5400 5097 4407
3 4095 3570 3147
3 2328 115 30
3 9985 9624 9611
3 9181 8567 8382
3 7849 7600 6846
3 6600 6130 6118
3 4562 3547 3274
3 2402 2335 1951
3 1898 1806 1058
3 185 123 9073
3 8978 8756 8472
3 8108 7721 7190
3 7048 6851 6766
3 6727 6590 6398
3 6323 6126 6002
3 5831 5471 5098
3 4558 4482 4156
3 3355 2946 2570
3 2235 1978 1865
3 1669 1132 1110
3 576 94 9927
3 9771 8806 8753
3 8393 8388 8340
3 7899 7868 7665
3 7616 7315 7273
3 7247 7127 7085
3 6993 6899 6669
3 6472 6090 6078
3 5442 5077 4840
3 4694 4546 4325
3 4197 2466 2240
3 2220 2205 2046
3 1639 9859 9745
3 9613 9338 8734
3 8572 8372 8129
3 7805 7693 7634
3 7329 6711 6524
3 6304 6223 5944
3 5812 5505 5041
3 5019 4804 4489
3 3883 3615 3587
3 3078 2591 2582
3 2333 1835 1754
3 1288 896 473
3 8640 7460 6774
3 5323 4564 3506
3 2911 2294 2216
3 2105 1848 1774
3 1271 1266 899
3 516 160 9948
3 9877 9603 9013
3 9003 8573 7815
3 7275 6990 6739
3 6697 6671 6560
3 6356 5800 5702
3 5621 5613 5460
3 5189 5140 4172
3 3884 3878 3664
3 3324 3265 2730
3 2549 2234 1849
3 1313 1212 1192
3 1137 419 143
3 101 22 9134
3 8996 8994 8021
3 7491 7123 7121
3 6803 5276 4746
3 4312 4308 3933
3 3439 3281 3038
3 2754 2237 2199
3 2136 1653 1086
3 9744 9679 9261
3 9029 8773 7931
3 7686 6581 6064
3 6063 5397 5268
3 5171 5134 4255
3 4217 3849 3578
3 3402 3097 2793
3 2781 2453 2390
3 1699 906 753
3 558 417 9844
3 9230 9194 9008
3 8716 8411 8084
3 7510 6831 6636
3 6595 6414 6035
3 6023 5903 5598
3 5523 5426 5234
3 4918 4818 4599
3 4394 4196 4136
3 3873 3782 2852
3 2417 2289 2268
3 2016 1656 1488
3 1480 1461 1170
3 1127 796 550
3 381 9901 9759
3 8793 8789 8759
3 8464 8316 8166
3 8049 7786 7400
3 7233 7117 6520
3 6261 6132 6096
3 5253 5246 4678
3 4630 4613 3888
3 3817 3491 3381
3 3131 2951 2775
3 2621 2444 2406
3 1783 1624 1172
3 1093 828 472
3 219 159 8987
3 8633 8618 8539
3 7903 7788 7684
3 7309 6953 6529
3 6517 6432 6373
3 6227 5770 5736
3 4910 4094 3965
3 3783 3442 3334
3 3300 3262 2731
3 2334 2068 1985
3 1867 1814 1665
3 1627 1404 893
3 845 279 217
3 133 9575 9535
3 9534 9502 8165
3 7969 7925 7501
3 6180 5972 5966
3 5917 5586 5577
3 5398 5391 5313
3 4932 4487 4479
3 4193 4088 3744
3 3721 3584 3401
3 3312 2987 2750
3 2711 2554 2281
3 2065 1836 1801
3 1781 1221 1208
3 610 218 9660
3 9200 8665 7980
3 7898 7675 7388
3 7371 7110 6812
3 6586 6417 5370
3 5132 5104 5064
3 4894 3927 3862
3 3539 3445 2722
3 1904 1899 1646
3 1184 990 669
3 651 401 9941
3 9882 9846 9770
3 9754 8694 8638
3 7695 7672 7502
3 7289 7065 5599
3 5594 5481 4981
3 4544 4538 4529
3 4428 3947 3929
3 3411 3216 3124
3 3085 3076 2947
3 2464 2376 2326
3 2184 1716 1638
3 1292 934 545
3 89 9356 9209
3 9156 8934 8842
3 8584 8525 8268
3 8015 7907 7902
3 7664 7043 6770
3 6405 6259 5511
3 5345 4669 4628
3 3807 3521 3424
3 3017 2560 2173
3 2087 1935 1928
3 1683 1299 1130
3 977 827 771
3 757 292 249
3 163 144 9670
3 9140 9089 8732
3 7744 7608 7177
3 7096 6973 6958
3 6805 6497 6409
3 6307 6068 5122
3 4833 4163 3580
3 3115 2990 2835
3 2567 2480 2463
3 2057 2050 2022
3 1870 1469 1138
3 1120 930 894
3 304 207 9860
3 9785 8853 8776
3 8709 8273 7962
3 7553 7274 7223
3 7134 7014 6331
3 5804 5429 4882
3 4842 4646 4553
3 4149 3941 3610
3 3313 2011 1331
3 1209 691 618
3 316 288 241
3 199 157 9491
3 9225 9179 9152
3 8886 8502 8409
3 8298 8068 7878
3 7642 7640 7544
3 7216 7163 6897
3 6541 6425 6301
3 5725 5514 5192
3 4948 4392 4337
3 3893 3541 3353
3 3186 3178 2564
3 2227 2179 865
3 728 643 356
3 287 9863 9710
3 9647 9406 9367
3 9100 8870 8645
3 8534 7795 7546
3 7298 7229 7019
3 6904 6513 6387
3 6213 5718 5663
3 5578 5550 5329
3 5254 5206 5182
3 5060 4789 4714
3 4468 4355 4226
3 3753 3006 2805
3 2418 2288 1971
3 1958 1841 1652
3 1574 1277 1227
3 862 819 616
3 108 9885 9870
3 9617 9553 9329
3 9232 9172 8941
3 8740 8310 8141
3 7948 7087 6814
3 6796 6629 6087
3 5952 5848 5825
3 5741 5658 5612
3 5534 5424 4634
3 4598 4508 4143
3 3798 3536 3438
3 3425 2841 2563
3 2239 2163 1809
3 1495 867 784
3 733 425 186
3 9590 9582 9570
3 9423 9158 8564
3 7556 7349 7091
3 6620 6484 5958
3 5771 5611 5573
3 5510 4791 4693
3 3812 3712 3209
3 3208 2689 2577
3 2435 2344 2318
3 2201 1700 1661
3 1615 1563 1479
3 1376 800 769
3 378 348 347
3 226 9876 9862
3 9555 9346 9314
3 8771 8321 8309
3 8103 7799 7441
3 7434 7365 7333
3 6748 6253 6125
3 4986 4906 4726
3 4518 4403 4290
3 3917 2152 1685
3 1403 1099 789
3 719 383 189
3 128 9954 9819
3 9205 8493 8347
3 8086 8064 7946
3 7835 7758 7580
3 7541 7459 7140
3 7060 6917 6701
2 6692 5409
2 5316 5294
2 5183 4939
2 4709 4211
2 3213 2586
2 2470 2451
2 2012 1949
2 1909 1788
2 1494 1235
2 1196 1131
2 958 633
2 441 415
2 349 9737
2 9323 8960
2 8686 8379
2 8282 8080
2 6457 6456
2 6279 5379
2 5343 5148
2 4996 3949
2 3860 3859
2 3784 3327
2 2878 2550
2 2382 2356
2 1993 1868
2 1799 1679
2 1284 1230
2 1188 1180
2 1119 863
2 831 703
2 361 291
2 203 9999
2 9372 8875
2 8726 8412
2 8406 7965
2 7807 7669
2 7507 7479
2 6843 5779
2 5694 5410
2 4621 3821
2 3247 2498
2 2483 2384
2 2035 1818
2 1732 1611
2 1335 1323
2 1105 935
2 782 693
2 509 405
2 388 280
2 4 9807
2 9663 9102
2 8985 8970
2 8955 8784
2 8410 7753
2 7307 7251
2 6407 6233
2 6085 5833
2 5699 5051
2 4950 4734
2 4675 4664
2 4633 4632
2 4344 4330
2 4254 3787
2 3394 2789
2 2579 2378
2 2324 1135
2 1133 1111
2 1074 1046
2 922 268
2 258 227
2 200 9742
2 9724 9701
2 9636 9604
2 8791 8523
2 8461 7791
2 7667 6983
2 6635 6500
2 5977 5844
2 5356 4979
2 4461 4107
2 3922 3639
2 3389 3386
2 3292 2942
2 2541 2405
2 2386 2373
2 2311 2086
2 1987 1553
2 1029 983
2 811 662
2 376 318
2 9717 9644
2 9632 9557
2 9533 9186
2 9162 9148
2 8731 8602
2 8491 8374
2 8164 7399
2 7322 7092
2 6434 6371
2 6158 5327
2 5177 5005
2 4425 4371
2 3827 3385
2 3199 2715
2 2676 2508
2 2410 2030
2 794 741
2 491 342
2 173 9773
2 9342 8872
2 8725 8136
2 7992 7820
2 7706 7627
2 7340 6647
2 6420 6254
2 6242 5885
2 5413 5266
2 5187 4810
2 4369 4273
2 4220 3866
2 3819 3756
2 3008 2883
2 2825 1992
2 1918 1534
2 872 621
2 409 9977
2 9609 9282
2 8857 7832
2 7712 7636
2 7228 7069
2 6678 5957
2 5643 5399
2 5210 5073
2 4978 4651
2 4435 4323
2 3935 3799
2 3794 3267
2 3225 2934
2 2747 1969
2 1897 1705
2 1554 1439
2 1415 1329
2 1206 1063
2 1045 984
2 917 821
2 195 148
2 69 9963
2 9362 9327
2 9159 8879
2 8758 8728
2 8613 7938
2 7736 7547
2 7408 7393
2 7276 7264
2 7243 7165
2 7093 7033
2 6499 6480
2 6234 6174
2 5979 5883
2 5853 5840
2 5470 5361
2 5265 5167
2 5045 4807
2 4535 4356
2 4260 4237
2 4214 4103
2 4032 3620
2 3474 3466
2 3227 3144
2 3058 2884
2 2873 2803
2 2503 2427
2 2172 2166
2 1731 1610
2 901 652
2 605 508
2 483 437
2 435 312
2 9822 9787
2 9775 9070
2 9011 8780
2 8778 8770
2 8570 8535
2 8507 8395
2 8142 7915
2 7793 7588
2 7416 7172
2 7097 6901
2 6841 6675
2 6654 6077
2 5745 5508
2 5350 5340
2 4860 4822
2 4758 4372
2 4224 3636
2 2996 2500
2 2425 2330
2 1654 1305
2 987 194
2 179 9749
2 9415 9380
2 8877 8786
2 8311 8144
2 8117 7789
2 7639 7427
2 7059 6853
2 6187 4972
2 4891 4890
2 4732 4577
2 3984 3879
2 3530 3476
2 3082 2769
2 2556 2206
2 2170 1142
2 596 303
2 209 192
2 184 118
2 111 9931
2 9571 9421
2 9264 9218
2 8975 8961
2 8417 8405
2 8361 8224
2 8114 8038
2 7942 7883
2 7856 7578
2 7561 7098
2 7086 6141
2 6128 5557
2 5279 5107
2 5067 4376
2 4285 4175
2 3777 3189
2 3044 2520
2 1831 1728
2 1614 729
2 482 478
2 9556 9436
2 8272 8244
2 8135 8061
2 7741 7590
2 7075 6902
2 6614 6411
2 6308 6156
2 5993 5983
2 5906 5747
2 5696 4952
2 4724 4523
2 3727 3717
2 3716 3493
2 2974 2812
2 2808 2771
2 2512 2485
2 1972 1695
2 1517 1485
2 908 274
2 230 121
2 9793 9031
2 8530 8462
2 8075 8009
2 8002 7847
2 7606 7483
2 7187 7077
2 7045 6937
2 6833 6720
2 6682 6559
2 6177 5504
2 5483 4899
2 4699 4470
2 4232 3685
2 2098 2039
2 1625 1496
2 1350 781
2 156 9736
2 9126 8880
2 8797 8698
2 8561 8542
2 8500 8220
2 8110 8045
2 8011 7864
2 7730 7017
2 6607 6545
2 6429 6428
2 6265 5870
2 5727 5617
2 5533 5304
2 5213 4845
2 4333 4098
2 4063 3635
2 2827 2602
2 2532 2272
2 2271 2110
2 1937 1749
2 1283 1226
2 1177 833
2 574 507
2 424 311
2 256 61
2 9686 9498
2 9457 9357
2 9301 8868
2 8635 8556
2 8494 8159
2 7550 7533
2 7404 7337
2 7248 7068
2 6971 6026
2 5938 5783
2 5382 5377
2 5262 5260
2 5158 5023
2 4980 4966
2 4913 4876
2 4588 4440
2 4427 4297
2 3690 3307
2 3108 3059
2 3053 3023
2 2657 2447
2 2298 2231
2 1984 1917
2 1804 1753
2 1696 1634
2 1513 1501
2 1326 1171
2 1006 866
2 795 682
2 428 81
2 9932 9910
2 9521 9296
2 9007 8924
2 8850 8473
2 8441 8190
2 7929 7833
2 7830 7711
2 7682 7367
2 7292 7139
2 7138 7030
2 7022 6998
2 6551 6539
2 6293 6075
2 5907 5754
2 5480 5008
2 4305 4262
2 3993 3469
2 3268 2252
2 1789 1703
2 1622 1166
2 959 903
2 803 538
2 406 9823
2 8968 8592
2 8555 7584
2 7514 7453
2 7067 6617
2 6412 6257
2 6237 6098
2 6021 5910
2 5632 5585
2 5472 4770
2 4591 3846
2 3534 3361
2 3266 3205
2 2900 2673
2 2583 2393
2 2357 2310
2 1932 1762
2 1307 1275
2 182 9698
2 9577 9548
2 9044 9042
2 7688 7523
2 7281 7129
2 7102 6859
2 6848 6799
2 6533 6519
2 6393 5926
2 5900 5693
2 5281 5010
2 4923 4893
2 4851 4843
2 4830 4793
2 4453 4283
2 4060 4048
2 4019 3963
2 3854 3705
2 3416 3286
2 3154 2645
2 2138 1824
2 1191 1149
2 668 658
2 603 9914
2 9861 9411
2 9311 9297
2 9189 8541
2 8085 8001
2 7985 7658
2 7574 7071
2 7000 6961
2 6643 6454
2 6222 6040
2 5640 5430
2 5100 4911
2 4571 4236
2 3994 3810
2 3803 3611
2 3591 3382
2 3169 2961
2 2928 2899
2 2664 2546
2 2385 2026
2 1878 1770
2 1612 1190
2 921 698
2 452 341
2 275 224
2 25 9972
2 9554 9270
2 9229 9204
2 9146 9101
2 9059 8554
2 8334 8231
2 8000 7890
2 7852 7782
2 6923 6862
2 6592 6509
2 6334 6290
2 6195 6185
2 6119 6031
2 5838 5828
2 5809 5538
2 4691 4009
2 3990 3719
2 3696 3619
2 3523 3454
2 2709 2662
2 2656 2280
2 2153 1775
2 1302 972
2 886 746
2 659 582
2 526 468
2 319 238
2 54 27
2 9933 9825
2 9720 9024
2 8118 8109
2 8034 7504
2 7488 7261
2 7011 6850
2 6772 6516
2 6491 6391
2 6283 6199
2 5635 5549
2 5386 4821
2 4525 4209
2 3754 3413
2 3156 2980
2 2525 2038
2 1873 1777
2 1667 1316
2 1134 999
2 412 180
2 9400 9336
2 9150 8757
2 8546 8508
2 8344 8318
2 8098 7222
2 6792 6163
2 5949 5859
2 5778 5697
2 5257 5227
2 5014 4987
2 4705 4581
2 4556 4520
2 4252 4174
2 4132 4034
2 3843 3645
2 3383 2758
2 2154 2010
2 1880 1725
2 1308 1237
2 1087 573
2 422 379
2 9929 9833
2 9638 9321
2 9164 8511
2 7921 7882
2 7822 7183
2 7042 7005
2 6631 5820
2 5619 5539
2 5527 5466
2 5406 5342
2 5153 5108
2 5049 5029
2 4976 4438
2 4062 3788
2 3643 3628
2 3546 3340
2 3201 2858
2 2733 2706
2 2431 1964
2 1915 1664